version https://git-lfs.github.com/spec/v1
oid sha256:75eaf2fdd405ab07325232bf3de866ec7284a657184edb0b0d795e6d5113d15e
size 8460
