version https://git-lfs.github.com/spec/v1
oid sha256:f77b97ef125ba76a29b359f0b46879b2d8c030bbea556e501f95c58afbe015bf
size 11948
