version https://git-lfs.github.com/spec/v1
oid sha256:c82d8348278e64ec37e093f2ac8082330ddf26cb12ada2d280f2bc2b52c46afc
size 6122
