version https://git-lfs.github.com/spec/v1
oid sha256:2bba8a546741743826a9b19e886dce709ddab8dbd3c1ae638bfef83f22d2acbf
size 1039
