version https://git-lfs.github.com/spec/v1
oid sha256:d1996d4d99e57b946ea1154a1c45dff2cfd0c04dc7f416405b06b54df56c28e1
size 2045501
