version https://git-lfs.github.com/spec/v1
oid sha256:4d02b186c768eac2054be929d58543ad8c564e4392670ac2c3319af3705a5af3
size 564248
